[[ 6.16809964e-01  5.10405197e+01  3.98634344e-01  2.69490280e+01
   7.48622665e+01 -3.62694301e-02  6.98809242e+00  1.23785276e+01]
 [ 1.05374968e+00  4.25141182e+01  7.28975609e-02  2.62127323e+01
   7.42530670e+01 -3.37341547e-01  4.54809475e+00  1.21572104e+01]
 [ 4.37821239e-01  5.35195808e+01  1.46883741e-01  2.13711624e+01
   6.39052773e+01 -1.26959634e+00  7.59706879e+00  1.22578621e+01]
 [ 3.99964780e-01  4.15449295e+01  1.04907475e-01  1.93424683e+01
   5.82797585e+01 -8.46193016e-01  8.98353577e+00  1.15739164e+01]
 [ 5.80462158e-01  4.47714500e+01  2.04024121e-01  1.69334984e+01
   5.79275017e+01 -8.06544602e-01  8.14441490e+00  1.12858839e+01]
 [ 2.19699800e-01  4.12967186e+01  9.08534676e-02  1.54553251e+01
   6.04020996e+01 -1.56130815e+00  1.18179703e+01  1.11638803e+01]
 [ 4.95617121e-01  4.17508926e+01  2.24312052e-01  1.28119221e+01
   5.63184395e+01 -1.17886770e+00  1.44868927e+01  1.07879105e+01]]